ISS (ZARYA)             
1 25544U 98067A   23262.15978009  .00014491  00000+0  26684-3 0  9991
2 25544  51.6414 223.0433 0005833  34.8470 145.2843 15.49402864416365
ISS DEB                 
1 47853U 98067RZ  23261.07153992  .00055034  00000+0  37650-3 0  9997
2 47853  51.6334 183.9457 0001323 137.7541 222.3560 15.74218845143413
CSS (TIANHE)            
1 48274U 21035A   23262.11044610  .00044655  00000+0  48692-3 0  9993
2 48274  41.4737 304.5223 0008158  51.8620 308.2954 15.62542927136516
ISS (NAUKA)             
1 49044U 21066A   23261.44473810  .00015356  00000+0  28244-3 0  9993
2 49044  51.6419 226.5842 0005864  32.1953 116.9329 15.49383676416255
FREGAT DEB              
1 49271U 11037PF  23261.67407100  .00037264  00000+0  11918+0 0  9994
2 49271  51.6485  42.2574 0921314 268.0035  81.5194 12.05589635102175
CSS (WENTIAN)           
1 53239U 22085A   23261.40736908  .00039984  00000+0  43769-3 0  9994
2 53239  41.4739 308.8122 0008206  45.8841 314.2673 15.62480569136408
CSS (MENGTIAN)          
1 54216U 22143A   23261.40736908  .00039984  00000+0  43769-3 0  9995
2 54216  41.4739 308.8122 0008206  45.8841 314.2673 15.62480569136404
SPORT                   
1 55129U 98067UW  23262.03567212  .00406298  75795-4  10906-2 0  9997
2 55129  51.6216 192.3775 0006516 124.7085 235.4537 15.93832428 41362
ISS DEB (SPX-26 IPA FSE)
1 55448U 98067VB  23262.11600676  .00102202  00000+0  78654-3 0  9997
2 55448  51.6330 205.8619 0007888  99.6506 260.5383 15.71159557 35970
SOYUZ-MS 23             
1 55688U 23024A   23261.44473810  .00015356  00000+0  28244-3 0  9990
2 55688  51.6419 226.5842 0005864  32.1953 116.9329 15.49383676416256
ARKSAT 1                
1 56311U 98067VC  23262.08464552  .00238531  00000+0  15313-2 0  9991
2 56311  51.6327 211.6480 0008801  94.4011 265.7994 15.74938772 23066
AURORASAT               
1 56312U 98067VD  23262.13479836  .00466079  00000+0  19334-2 0  9996
2 56312  51.6272 208.9414 0008557 101.1393 259.0573 15.83956182 23131
EX-ALTA-2               
1 56313U 98067VE  23262.07703419  .00245530  00000+0  15460-2 0  9990
2 56313  51.6287 211.5753 0008535  92.2420 267.9557 15.75365871 23085
LIGHTCUBE               
1 56314U 98067VF  23262.12290348  .00403543  00000+0  18825-2 0  9997
2 56314  51.6279 209.6158 0008652  92.9902 267.2090 15.81607656 23145
NEUDOSE                 
1 56315U 98067VG  23262.09711055  .00138218  00000+0  12362-2 0  9991
2 56315  51.6324 214.7379 0008562  79.5981 280.5979 15.67370578 23022
YUKONSAT                
1 56316U 98067VH  23262.08313710  .00179331  00000+0  13519-2 0  9993
2 56316  51.6321 213.1358 0008808  80.8811 279.3183 15.71363207 23063
ISS DEB                 
1 56434U 98067VJ  23262.10851660  .00103997  00000+0  10296-2 0  9992
2 56434  51.6354 216.3382 0008793  87.2605 272.9396 15.64975120 21571
TIANZHOU-6              
1 56446U 23063A   23261.40736908  .00039984  00000+0  43769-3 0  9994
2 56446  41.4739 308.8122 0008206  45.8841 314.2673 15.62480569136401
PROGRESS-MS 23          
1 56740U 23071A   23261.44473810  .00015356  00000+0  28244-3 0  9992
2 56740  51.6419 226.5842 0005864  32.1953 116.9329 15.49383676416256
SHENZHOU-16 (SZ-16)     
1 56761U 23077A   23261.40736908  .00039984  00000+0  43769-3 0  9999
2 56761  41.4739 308.8122 0008206  45.8841 314.2673 15.62480569136401
ISS DEB                 
1 57212U 98067VP  23262.11162776  .00047430  00000+0  69588-3 0  9999
2 57212  51.6381 221.6111 0006342  57.6063 302.5541 15.55022838 13316
1998-067VQ              
1 57312U 98067VQ  23262.12068901  .00096550  00000+0  12385-2 0  9995
2 57312  51.6377 220.9238 0005682 116.4311 243.7265 15.58337409 11627
1998-067VR              
1 57313U 98067VR  23262.07058550  .00079786  00000+0  10576-2 0  9991
2 57313  51.6378 221.3402 0003518 111.5160 248.6207 15.57557640 11621
1998-067VS              
1 57314U 98067VS  23262.07578842  .00230857  00000+0  22880-2 0  9992
2 57314  51.6326 219.8557 0006536 107.0544 253.1167 15.64505980 11632
1998-067VT              
1 57315U 98067VT  23262.11651888  .00102460  00000+0  13034-2 0  9999
2 57315  51.6370 220.8935 0006098 116.7974 243.3643 15.58528674 11639
MOONLIGHTER             
1 57316U 98067VU  23261.11388675  .00042699  00000+0  54349-3 0  9992
2 57316  51.6376 225.4485 0006485  84.9918 275.1815 15.58890942 11477
1998-067VV              
1 57317U 98067VV  23262.12371705  .00148987  00000+0  16781-2 0  9995
2 57317  51.6393 220.2020 0007313 110.9601 249.2176 15.61517521 11638
MAYA-5                  
1 57419U 98067VW  23262.06706481  .00121547  00000+0  14910-2 0  9999
2 57419  51.6364 221.3083 0008540  83.5862 276.6103 15.59386658  9629
MAYA-6                  
1 57420U 98067VX  23262.06830169  .00125789  00000+0  15479-2 0  9995
2 57420  51.6356 221.3151 0008548  83.7143 276.4823 15.59286115  9624
CYGNUS NG-19            
1 57488U 23110A   23261.44473810  .00015356  00000+0  28244-3 0  9996
2 57488  51.6419 226.5842 0005864  32.1953 116.9329 15.49383676416256
PROGRESS-MS 24          
1 57691U 23125A   23261.44473810  .00015356  00000+0  28244-3 0  9998
2 57691  51.6419 226.5842 0005864  32.1953 116.9329 15.49383676416252
CREW DRAGON 7           
1 57697U 23128A   23261.44473810  .00015356  00000+0  28244-3 0  9997
2 57697  51.6419 226.5842 0005864  32.1953 116.9329 15.49383676416258
SOYUZ-MS 24             
1 57862U 23143A   23261.44473810  .00015356  00000+0  28244-3 0  9998
2 57862  51.6419 226.5842 0005864  32.1953 116.9329 15.49383676416252
