ISS (ZARYA)             
1 25544U 98067A   23267.54064815  .00017859  00000+0  32451-3 0  9990
2 25544  51.6419 196.4065 0005994  54.4072 281.2555 15.49605273417190
ISS DEB                 
1 47853U 98067RZ  23267.03746120  .00054032  00000+0  35954-3 0  9992
2 47853  51.6327 153.2832 0001395 179.2952 180.8050 15.74868391144351
CSS (TIANHE)            
1 48274U 21035A   23267.09533853  .00022985  00000+0  25063-3 0  9996
2 48274  41.4731 274.1029 0008013  96.5137 263.6615 15.62801436137292
ISS (NAUKA)             
1 49044U 21066A   23265.68632531  .00017921  00000+0  32638-3 0  9992
2 49044  51.6421 205.5868 0005726  48.4399  16.1408 15.49538923416913
FREGAT DEB              
1 49271U 11037PF  23266.39908826  .00041148  00000+0  12731+0 0  9999
2 49271  51.6233  28.9952 0930235 277.6369  71.9922 12.05952379102749
CSS (WENTIAN)           
1 53239U 22085A   23265.49769821  .00022385  00000+0  24495-3 0  9999
2 53239  41.4737 283.8539 0007927  81.9275 278.2464 15.62724200137042
CSS (MENGTIAN)          
1 54216U 22143A   23265.49769821  .00022385  00000+0  24495-3 0  9990
2 54216  41.4737 283.8539 0007927  81.9275 278.2464 15.62724200137048
SPORT                   
1 55129U 98067UW  23266.98249513  .00436481  90459-4  93637-3 0  9990
2 55129  51.6199 166.1325 0006397 165.8625 194.2564 15.97938671 42156
ISS DEB (SPX-26 IPA FSE)
1 55448U 98067VB  23267.07562214  .00094940  00000+0  70307-3 0  9998
2 55448  51.6320 180.4802 0007544 123.2673 236.9049 15.72107328 36752
SOYUZ-MS 23             
1 55688U 23024A   23265.68632531  .00017921  00000+0  32638-3 0  9999
2 55688  51.6421 205.5868 0005726  48.4399  16.1408 15.49538923416914
ARKSAT 1                
1 56311U 98067VC  23267.03047520  .00225694  00000+0  13210-2 0  9993
2 56311  51.6313 186.1733 0008181 122.0352 238.1444 15.77088266 23842
AURORASAT               
1 56312U 98067VD  23266.98633977  .00505455  00000+0  17001-2 0  9992
2 56312  51.6251 183.5757 0007884 139.7626 220.3964 15.88192937 23909
EX-ALTA-2               
1 56313U 98067VE  23267.02131857  .00237891  00000+0  13575-2 0  9997
2 56313  51.6270 186.0863 0007893 123.7252 236.4502 15.77626632 23868
LIGHTCUBE               
1 56314U 98067VF  23267.04567015  .00410437  00000+0  16152-2 0  9992
2 56314  51.6261 183.9774 0007725 129.1004 231.0688 15.85204632 23929
NEUDOSE                 
1 56315U 98067VG  23266.17615464  .00133801  00000+0  11451-2 0  9992
2 56315  51.6315 193.9771 0008165 100.9351 259.2565 15.68471667 23661
YUKONSAT                
1 56316U 98067VH  23266.08792160  .00180893  00000+0  12879-2 0  9990
2 56316  51.6316 192.6267 0008251 102.3138 257.8785 15.72715329 23696
ISS DEB                 
1 56434U 98067VJ  23267.08751304  .00109311  00000+0  10354-2 0  9999
2 56434  51.6344 191.0884 0008340 112.5163 247.6716 15.66064219 22357
TIANZHOU-6              
1 56446U 23063A   23265.49769821  .00022385  00000+0  24495-3 0  9999
2 56446  41.4737 283.8539 0007927  81.9275 278.2464 15.62724200137045
PROGRESS-MS 23          
1 56740U 23071A   23265.68632531  .00017921  00000+0  32638-3 0  9991
2 56740  51.6421 205.5868 0005726  48.4399  16.1408 15.49538923416914
SHENZHOU-16 (SZ-16)     
1 56761U 23077A   23265.49769821  .00022385  00000+0  24495-3 0  9994
2 56761  41.4737 283.8539 0007927  81.9275 278.2464 15.62724200137045
ISS DEB                 
1 57212U 98067VP  23266.22410372  .00042980  00000+0  62348-3 0  9995
2 57212  51.6380 201.0771 0006189  74.2341 285.9332 15.55377012 13951
1998-067VQ              
1 57312U 98067VQ  23267.05711385  .00089870  00000+0  11158-2 0  9997
2 57312  51.6373 196.1423 0005854 141.3384 218.8028 15.59232599 12391
1998-067VR              
1 57313U 98067VR  23267.07383135  .00076365  00000+0  98418-3 0  9998
2 57313  51.6373 196.2553 0003708 140.0759 220.0507 15.58326069 12409
1998-067VS              
1 57314U 98067VS  23267.05496893  .00192524  00000+0  17795-2 0  9997
2 57314  51.6314 194.6065 0006756 137.6850 222.4668 15.66381840 12417
1998-067VT              
1 57315U 98067VT  23267.05231101  .00090554  00000+0  11153-2 0  9999
2 57315  51.6364 196.1075 0006276 141.2750 218.8694 15.59438035 12406
MOONLIGHTER             
1 57316U 98067VU  23267.01054608  .00054220  00000+0  67238-3 0  9997
2 57316  51.6370 195.8287 0006427 110.5594 249.6089 15.59474873 12396
1998-067VV              
1 57317U 98067VV  23267.04934519  .00138650  00000+0  14837-2 0  9995
2 57317  51.6388 195.3492 0007451 137.3491 222.8083 15.62874370 12409
MAYA-5                  
1 57419U 98067VW  23267.06364736  .00120646  00000+0  14119-2 0  9997
2 57419  51.6352 196.1780 0008148 109.8550 250.3322 15.60627408 10402
MAYA-6                  
1 57420U 98067VX  23267.06528338  .00118171  00000+0  13909-2 0  9995
2 57420  51.6350 196.1860 0008187 109.7185 250.4692 15.60487711 10409
CYGNUS NG-19            
1 57488U 23110A   23265.68632531  .00017921  00000+0  32638-3 0  9995
2 57488  51.6421 205.5868 0005726  48.4399  16.1408 15.49538923416914
PROGRESS-MS 24          
1 57691U 23125A   23265.68632531  .00017921  00000+0  32638-3 0  9997
2 57691  51.6421 205.5868 0005726  48.4399  16.1408 15.49538923416910
CREW DRAGON 7           
1 57697U 23128A   23265.68632531  .00017921  00000+0  32638-3 0  9996
2 57697  51.6421 205.5868 0005726  48.4399  16.1408 15.49538923416916
SOYUZ-MS 24             
1 57862U 23143A   23265.68632531  .00017921  00000+0  32638-3 0  9997
2 57862  51.6421 205.5868 0005726  48.4399  16.1408 15.49538923416910
